Percurso: [37, 40, 38, 24, 48, 5, 15, 6, 4, 25, 46, 44, 34, 35, 36, 39, 49, 32, 1, 22, 31, 18, 3, 19, 45, 41, 8, 10, 9, 43, 33, 51, 12, 28, 27, 26, 47, 13, 14, 52, 11, 16, 50, 20, 23, 30, 21, 17, 42, 7, 2, 29, -1]
Distancia: 9014
Tempo: 0.009770

Percurso: [11, 51, 12, 28, 27, 26, 47, 13, 14, 52, 25, 4, 6, 5, 15, 24, 48, 38, 40, 37, 39, 36, 35, 34, 44, 46, 16, 50, 20, 23, 31, 18, 22, 1, 49, 32, 45, 19, 41, 8, 10, 9, 43, 33, 3, 17, 21, 30, 29, 42, 7, 2, -1]
Distancia: 10075
Tempo: 0.007707

Percurso: [41, 8, 19, 45, 32, 49, 1, 22, 31, 18, 3, 17, 21, 23, 20, 50, 16, 44, 34, 35, 36, 39, 40, 38, 37, 48, 24, 5, 15, 6, 4, 25, 46, 29, 30, 42, 7, 2, 43, 10, 9, 33, 51, 12, 28, 27, 26, 47, 13, 14, 52, 11, -1]
Distancia: 9575
Tempo: 0.008889

Percurso: [15, 5, 24, 48, 38, 40, 37, 39, 36, 35, 34, 44, 46, 16, 50, 20, 23, 31, 18, 22, 1, 49, 32, 45, 19, 41, 8, 10, 9, 43, 4, 6, 25, 12, 28, 27, 26, 47, 13, 14, 52, 11, 51, 33, 3, 17, 21, 30, 29, 42, 7, 2, -1]
Distancia: 9325
Tempo: 0.013774

Percurso: [18, 31, 22, 1, 49, 32, 36, 35, 34, 39, 40, 38, 37, 48, 24, 5, 15, 6, 4, 25, 46, 44, 16, 50, 20, 23, 30, 21, 17, 3, 19, 45, 41, 8, 10, 9, 43, 33, 51, 12, 28, 27, 26, 47, 13, 14, 52, 11, 29, 42, 7, 2, -1]
Distancia: 8997
Tempo: 0.020034

Percurso: [31, 18, 22, 1, 49, 32, 36, 35, 34, 39, 40, 38, 37, 48, 24, 5, 15, 6, 4, 25, 46, 44, 16, 50, 20, 23, 30, 21, 17, 3, 19, 45, 41, 8, 10, 9, 43, 33, 51, 12, 28, 27, 26, 47, 13, 14, 52, 11, 29, 42, 7, 2, -1]
Distancia: 8954
Tempo: 0.024249

Percurso: [42, 7, 2, 30, 23, 20, 50, 16, 44, 34, 35, 36, 39, 40, 38, 37, 48, 24, 5, 15, 6, 4, 25, 46, 49, 32, 1, 22, 31, 18, 3, 19, 45, 41, 8, 10, 9, 43, 33, 51, 12, 28, 27, 26, 47, 13, 14, 52, 11, 29, 21, 17, -1]
Distancia: 8866
Tempo: 0.019569

Percurso: [35, 36, 34, 39, 40, 38, 37, 48, 24, 5, 15, 6, 4, 25, 46, 44, 16, 50, 20, 23, 31, 18, 22, 1, 49, 32, 45, 19, 41, 8, 10, 9, 43, 33, 51, 12, 28, 27, 26, 47, 13, 14, 52, 11, 29, 30, 21, 17, 3, 42, 7, 2, -1]
Distancia: 9162
Tempo: 0.013253

Percurso: [34, 35, 36, 39, 40, 38, 37, 48, 24, 5, 15, 6, 4, 25, 46, 44, 16, 50, 20, 23, 31, 18, 22, 1, 49, 32, 45, 19, 41, 8, 10, 9, 43, 33, 51, 12, 28, 27, 26, 47, 13, 14, 52, 11, 29, 30, 21, 17, 3, 42, 7, 2, -1]
Distancia: 9140
Tempo: 0.010978

Percurso: [12, 28, 27, 26, 47, 13, 14, 52, 11, 51, 25, 4, 6, 5, 15, 24, 48, 38, 40, 37, 39, 36, 35, 34, 44, 46, 16, 50, 20, 23, 31, 18, 22, 1, 49, 32, 45, 19, 41, 8, 10, 9, 43, 33, 3, 17, 21, 30, 29, 42, 7, 2, -1]
Distancia: 9463
Tempo: 0.008135

Percurso: [42, 7, 2, 30, 23, 20, 50, 16, 44, 34, 35, 36, 39, 40, 38, 37, 48, 24, 5, 15, 6, 4, 25, 46, 49, 32, 1, 22, 31, 18, 3, 19, 45, 41, 8, 10, 9, 43, 33, 51, 12, 28, 27, 26, 47, 13, 14, 52, 11, 29, 21, 17, -1]
Distancia: 8866
Tempo: 0.018881

Percurso: [40, 38, 37, 39, 36, 35, 34, 44, 46, 48, 24, 5, 15, 6, 4, 25, 12, 28, 27, 26, 47, 13, 14, 52, 11, 51, 33, 43, 10, 9, 8, 41, 19, 45, 32, 49, 1, 22, 31, 18, 3, 17, 21, 23, 20, 50, 16, 29, 30, 42, 7, 2, -1]
Distancia: 8182
Tempo: 0.025823

Percurso: [33, 43, 15, 5, 24, 48, 38, 40, 37, 39, 36, 35, 34, 44, 46, 16, 50, 20, 23, 31, 18, 22, 1, 49, 32, 45, 19, 41, 8, 10, 9, 3, 17, 21, 30, 29, 25, 4, 6, 12, 28, 27, 26, 47, 13, 14, 52, 11, 51, 42, 7, 2, -1]
Distancia: 10291
Tempo: 0.012958

Percurso: [21, 31, 18, 22, 1, 49, 32, 36, 35, 34, 39, 40, 38, 37, 48, 24, 5, 15, 6, 4, 25, 46, 44, 16, 50, 20, 23, 30, 29, 47, 26, 27, 28, 12, 51, 11, 52, 13, 14, 43, 10, 9, 8, 41, 19, 45, 3, 17, 42, 7, 2, 33, -1]
Distancia: 10299
Tempo: 0.013824

Percurso: [44, 34, 35, 36, 39, 40, 38, 37, 48, 24, 5, 15, 6, 4, 25, 46, 16, 50, 20, 23, 31, 18, 22, 1, 49, 32, 45, 19, 41, 8, 10, 9, 43, 33, 51, 12, 28, 27, 26, 47, 13, 14, 52, 11, 29, 30, 21, 17, 3, 42, 7, 2, -1]
Distancia: 9075
Tempo: 0.024835

Percurso: [34, 35, 36, 39, 40, 38, 37, 48, 24, 5, 15, 6, 4, 25, 46, 44, 16, 50, 20, 23, 31, 18, 22, 1, 49, 32, 45, 19, 41, 8, 10, 9, 43, 33, 51, 12, 28, 27, 26, 47, 13, 14, 52, 11, 29, 30, 21, 17, 3, 42, 7, 2, -1]
Distancia: 9140
Tempo: 0.016173

Percurso: [31, 18, 22, 1, 49, 32, 36, 35, 34, 39, 40, 38, 37, 48, 24, 5, 15, 6, 4, 25, 46, 44, 16, 50, 20, 23, 30, 21, 17, 3, 19, 45, 41, 8, 10, 9, 43, 33, 51, 12, 28, 27, 26, 47, 13, 14, 52, 11, 29, 42, 7, 2, -1]
Distancia: 8954
Tempo: 0.011294

Percurso: [29, 50, 20, 23, 31, 18, 22, 1, 49, 32, 36, 35, 34, 39, 40, 38, 37, 48, 24, 5, 15, 6, 4, 25, 46, 44, 16, 30, 21, 17, 3, 19, 45, 41, 8, 10, 9, 43, 33, 51, 12, 28, 27, 26, 47, 13, 14, 52, 11, 42, 7, 2, -1]
Distancia: 9359
Tempo: 0.014768

Percurso: [19, 45, 32, 49, 1, 22, 31, 18, 3, 17, 21, 23, 20, 50, 16, 44, 34, 35, 36, 39, 40, 38, 37, 48, 24, 5, 15, 6, 4, 25, 46, 29, 30, 42, 7, 2, 41, 8, 10, 9, 43, 33, 51, 12, 28, 27, 26, 47, 13, 14, 52, 11, -1]
Distancia: 9223
Tempo: 0.014411

Percurso: [44, 34, 35, 36, 39, 40, 38, 37, 48, 24, 5, 15, 6, 4, 25, 46, 16, 50, 20, 23, 31, 18, 22, 1, 49, 32, 45, 19, 41, 8, 10, 9, 43, 33, 51, 12, 28, 27, 26, 47, 13, 14, 52, 11, 29, 30, 21, 17, 3, 42, 7, 2, -1]
Distancia: 9075
Tempo: 0.013480

Percurso: [41, 8, 19, 45, 32, 49, 1, 22, 31, 18, 3, 17, 21, 23, 20, 50, 16, 44, 34, 35, 36, 39, 40, 38, 37, 48, 24, 5, 15, 6, 4, 25, 46, 29, 30, 42, 7, 2, 43, 10, 9, 33, 51, 12, 28, 27, 26, 47, 13, 14, 52, 11, -1]
Distancia: 9575
Tempo: 0.019543

Percurso: [5, 15, 6, 24, 48, 38, 40, 37, 39, 36, 35, 34, 44, 46, 16, 50, 20, 23, 31, 18, 22, 1, 49, 32, 45, 19, 41, 8, 10, 9, 43, 4, 25, 12, 28, 27, 26, 47, 13, 14, 52, 11, 51, 33, 3, 17, 21, 30, 29, 42, 7, 2, -1]
Distancia: 9293
Tempo: 0.017692

Percurso: [20, 50, 23, 31, 18, 22, 1, 49, 32, 36, 35, 34, 39, 40, 38, 37, 48, 24, 5, 15, 6, 4, 25, 46, 44, 16, 29, 30, 21, 17, 3, 19, 45, 41, 8, 10, 9, 43, 33, 51, 12, 28, 27, 26, 47, 13, 14, 52, 11, 42, 7, 2, -1]
Distancia: 9253
Tempo: 0.021780

Percurso: [27, 28, 26, 47, 13, 14, 52, 11, 51, 12, 25, 4, 6, 5, 15, 24, 48, 38, 40, 37, 39, 36, 35, 34, 44, 46, 16, 50, 20, 23, 31, 18, 22, 1, 49, 32, 45, 19, 41, 8, 10, 9, 43, 33, 3, 17, 21, 30, 29, 42, 7, 2, -1]
Distancia: 9396
Tempo: 0.066767

Percurso: [20, 50, 23, 31, 18, 22, 1, 49, 32, 36, 35, 34, 39, 40, 38, 37, 48, 24, 5, 15, 6, 4, 25, 46, 44, 16, 29, 30, 21, 17, 3, 19, 45, 41, 8, 10, 9, 43, 33, 51, 12, 28, 27, 26, 47, 13, 14, 52, 11, 42, 7, 2, -1]
Distancia: 9253
Tempo: 0.014410

Percurso: [34, 35, 36, 39, 40, 38, 37, 48, 24, 5, 15, 6, 4, 25, 46, 44, 16, 50, 20, 23, 31, 18, 22, 1, 49, 32, 45, 19, 41, 8, 10, 9, 43, 33, 51, 12, 28, 27, 26, 47, 13, 14, 52, 11, 29, 30, 21, 17, 3, 42, 7, 2, -1]
Distancia: 9140
Tempo: 0.057513

Percurso: [32, 49, 1, 22, 31, 18, 3, 19, 45, 41, 8, 10, 9, 43, 15, 5, 24, 48, 38, 40, 37, 39, 36, 35, 34, 44, 46, 16, 50, 20, 23, 30, 21, 17, 42, 7, 2, 29, 25, 4, 6, 12, 28, 27, 26, 47, 13, 14, 52, 11, 51, 33, -1]
Distancia: 9092
Tempo: 0.014671

Percurso: [4, 6, 5, 15, 24, 48, 38, 40, 37, 39, 36, 35, 34, 44, 46, 16, 50, 20, 23, 31, 18, 22, 1, 49, 32, 45, 19, 41, 8, 10, 9, 43, 25, 12, 28, 27, 26, 47, 13, 14, 52, 11, 51, 33, 3, 17, 21, 30, 29, 42, 7, 2, -1]
Distancia: 9458
Tempo: 0.014634

Percurso: [48, 24, 5, 15, 6, 4, 25, 46, 44, 34, 35, 36, 39, 40, 38, 37, 49, 32, 1, 22, 31, 18, 3, 19, 45, 41, 8, 10, 9, 43, 33, 51, 12, 28, 27, 26, 47, 13, 14, 52, 11, 16, 50, 20, 23, 30, 21, 17, 42, 7, 2, 29, -1]
Distancia: 9067
Tempo: 0.012828

Percurso: [39, 40, 38, 37, 48, 24, 5, 15, 6, 4, 25, 46, 44, 34, 35, 36, 49, 32, 1, 22, 31, 18, 3, 19, 45, 41, 8, 10, 9, 43, 33, 51, 12, 28, 27, 26, 47, 13, 14, 52, 11, 16, 50, 20, 23, 30, 21, 17, 42, 7, 2, 29, -1]
Distancia: 8997
Tempo: 0.009551

